         # i           j           u
           0           0      -6.963
           0           1     -12.426
           0           2    -16.9819
           0           3    -20.9097
           0           4    -24.3619
           0           5    -27.4325
           0           6    -30.1848
           0           7    -32.6639
           0           8    -34.9036
           0           9    -36.9302
           0          10    -38.7645
           0          11    -40.4234
           0          12    -41.9209
           0          13    -43.2685
           0          14     -44.476
           0          15    -45.5517
           0          16    -46.5026
           0          17    -47.3345
           0          18    -48.0524
           0          19    -48.6606
           0          20    -49.1624
           0          21    -49.5606
           0          22    -49.8574
           0          23    -50.0544
           0          24    -50.1526
           0          25    -50.1526
           0          26    -50.0544
           0          27    -49.8574
           0          28    -49.5606
           0          29    -49.1624
           0          30    -48.6606
           0          31    -48.0524
           0          32    -47.3345
           0          33    -46.5026
           0          34    -45.5517
           0          35     -44.476
           0          36    -43.2685
           0          37    -41.9209
           0          38    -40.4234
           0          39    -38.7645
           0          40    -36.9302
           0          41    -34.9036
           0          42    -32.6639
           0          43    -30.1848
           0          44    -27.4325
           0          45    -24.3619
           0          46    -20.9097
           0          47    -16.9819
           0          48     -12.426
           0          49      -6.963
           1           0     -12.426
           1           1     -22.759
           1           2    -31.5921
           1           3     -39.295
           1           4    -46.1053
           1           5    -52.1834
           1           6    -57.6428
           1           7    -62.5671
           1           8    -67.0204
           1           9    -71.0527
           1          10    -74.7044
           1          11    -78.0082
           1          12    -80.9916
           1          13     -83.677
           1          14    -86.0839
           1          15    -88.2283
           1          16    -90.1241
           1          17     -91.783
           1          18    -93.2147
           1          19    -94.4275
           1          20    -95.4283
           1          21    -96.2226
           1          22    -96.8146
           1          23    -97.2075
           1          24    -97.4035
           1          25    -97.4035
           1          26    -97.2075
           1          27    -96.8146
           1          28    -96.2226
           1          29    -95.4283
           1          30    -94.4275
           1          31    -93.2147
           1          32     -91.783
           1          33    -90.1241
           1          34    -88.2283
           1          35    -86.0839
           1          36     -83.677
           1          37    -80.9916
           1          38    -78.0082
           1          39    -74.7044
           1          40    -71.0527
           1          41    -67.0204
           1          42    -62.5671
           1          43    -57.6428
           1          44    -52.1834
           1          45    -46.1053
           1          46     -39.295
           1          47    -31.5921
           1          48     -22.759
           1          49     -12.426
           2           0    -16.9819
           2           1    -31.5921
           2           2    -44.3324
           2           3    -55.5727
           2           4    -65.5809
           2           5    -74.5531
           2           6    -82.6358
           2           7    -89.9415
           2           8    -96.5581
           2           9    -102.556
           2          10    -107.992
           2          11    -112.914
           2          12     -117.36
           2          13    -121.364
           2          14    -124.954
           2          15    -128.154
           2          16    -130.983
           2          17    -133.459
           2          18    -135.596
           2          19    -137.406
           2          20    -138.901
           2          21    -140.087
           2          22    -140.971
           2          23    -141.558
           2          24     -141.85
           2          25     -141.85
           2          26    -141.558
           2          27    -140.971
           2          28    -140.087
           2          29    -138.901
           2          30    -137.406
           2          31    -135.596
           2          32    -133.459
           2          33    -130.983
           2          34    -128.154
           2          35    -124.954
           2          36    -121.364
           2          37     -117.36
           2          38    -112.914
           2          39    -107.992
           2          40    -102.556
           2          41    -96.5581
           2          42    -89.9415
           2          43    -82.6358
           2          44    -74.5531
           2          45    -65.5809
           2          46    -55.5727
           2          47    -44.3324
           2          48    -31.5921
           2          49    -16.9819
           3           0    -20.9097
           3           1     -39.295
           3           2    -55.5727
           3           3    -70.0827
           3           4    -83.0926
           3           5    -94.8121
           3           6    -105.406
           3           7    -115.005
           3           8    -123.715
           3           9    -131.621
           3          10    -138.794
           3          11    -145.294
           3          12    -151.171
           3          13    -156.466
           3          14    -161.215
           3          15    -165.449
           3          16    -169.194
           3          17    -172.473
           3          18    -175.303
           3          19    -177.702
           3          20    -179.682
           3          21    -181.253
           3          22    -182.424
           3          23    -183.202
           3          24     -183.59
           3          25     -183.59
           3          26    -183.202
           3          27    -182.424
           3          28    -181.253
           3          29    -179.682
           3          30    -177.702
           3          31    -175.303
           3          32    -172.473
           3          33    -169.194
           3          34    -165.449
           3          35    -161.215
           3          36    -156.466
           3          37    -151.171
           3          38    -145.294
           3          39    -138.794
           3          40    -131.621
           3          41    -123.715
           3          42    -115.005
           3          43    -105.406
           3          44    -94.8121
           3          45    -83.0926
           3          46    -70.0827
           3          47    -55.5727
           3          48     -39.295
           3          49    -20.9097
           4           0    -24.3619
           4           1    -46.1053
           4           2    -65.5809
           4           3    -83.0926
           4           4    -98.8947
           4           5    -113.197
           4           6    -126.171
           4           7    -137.958
           4           8    -148.674
           4           9    -158.418
           4          10     -167.27
           4          11    -175.299
           4          12    -182.563
           4          13    -189.113
           4          14    -194.991
           4          15    -200.234
           4          16    -204.873
           4          17    -208.935
           4          18    -212.443
           4          19    -215.416
           4          20    -217.871
           4          21    -219.819
           4          22    -221.272
           4          23    -222.236
           4          24    -222.717
           4          25    -222.717
           4          26    -222.236
           4          27    -221.272
           4          28    -219.819
           4          29    -217.871
           4          30    -215.416
           4          31    -212.443
           4          32    -208.935
           4          33    -204.873
           4          34    -200.234
           4          35    -194.991
           4          36    -189.113
           4          37    -182.563
           4          38    -175.299
           4          39     -167.27
           4          40    -158.418
           4          41    -148.674
           4          42    -137.958
           4          43    -126.171
           4          44    -113.197
           4          45    -98.8947
           4          46    -83.0926
           4          47    -65.5809
           4          48    -46.1053
           4          49    -24.3619
           5           0    -27.4325
           5           1    -52.1834
           5           2    -74.5531
           5           3    -94.8121
           5           4    -113.197
           5           5     -129.91
           5           6    -145.123
           5           7    -158.981
           5           8    -171.608
           5           9    -183.107
           5          10    -193.568
           5          11    -203.067
           5          12     -211.67
           5          13    -219.432
           5          14    -226.402
           5          15    -232.622
           5          16    -238.128
           5          17    -242.951
           5          18    -247.117
           5          19    -250.649
           5          20    -253.566
           5          21    -255.881
           5          22    -257.607
           5          23    -258.754
           5          24    -259.325
           5          25    -259.325
           5          26    -258.754
           5          27    -257.607
           5          28    -255.881
           5          29    -253.566
           5          30    -250.649
           5          31    -247.117
           5          32    -242.951
           5          33    -238.128
           5          34    -232.622
           5          35    -226.402
           5          36    -219.432
           5          37     -211.67
           5          38    -203.067
           5          39    -193.568
           5          40    -183.107
           5          41    -171.608
           5          42    -158.981
           5          43    -145.123
           5          44     -129.91
           5          45    -113.197
           5          46    -94.8121
           5          47    -74.5531
           5          48    -52.1834
           5          49    -27.4325
           6           0    -30.1848
           6           1    -57.6428
           6           2    -82.6358
           6           3    -105.406
           6           4    -126.171
           6           5    -145.123
           6           6    -162.429
           6           7    -178.236
           6           8    -192.668
           6           9    -205.834
           6          10    -217.829
           6          11    -228.733
           6          12    -238.617
           6          13    -247.543
           6          14    -255.563
           6          15    -262.724
           6          16    -269.066
           6          17    -274.624
           6          18    -279.426
           6          19    -283.498
           6          20    -286.861
           6          21    -289.532
           6          22    -291.523
           6          23    -292.846
           6          24    -293.505
           6          25    -293.505
           6          26    -292.846
           6          27    -291.523
           6          28    -289.532
           6          29    -286.861
           6          30    -283.498
           6          31    -279.426
           6          32    -274.624
           6          33    -269.066
           6          34    -262.724
           6          35    -255.563
           6          36    -247.543
           6          37    -238.617
           6          38    -228.733
           6          39    -217.829
           6          40    -205.834
           6          41    -192.668
           6          42    -178.236
           6          43    -162.429
           6          44    -145.123
           6          45    -126.171
           6          46    -105.406
           6          47    -82.6358
           6          48    -57.6428
           6          49    -30.1848
           7           0    -32.6639
           7           1    -62.5671
           7           2    -89.9415
           7           3    -115.005
           7           4    -137.958
           7           5    -158.981
           7           6    -178.236
           7           7    -195.865
           7           8    -211.994
           7           9    -226.733
           7          10     -240.18
           7          11    -252.418
           7          12    -263.523
           7          13    -273.559
           7          14    -282.583
           7          15    -290.646
           7          16    -297.789
           7          17    -304.052
           7          18    -309.465
           7          19    -314.057
           7          20    -317.849
           7          21    -320.862
           7          22    -323.108
           7          23      -324.6
           7          24    -325.344
           7          25    -325.344
           7          26      -324.6
           7          27    -323.108
           7          28    -320.862
           7          29    -317.849
           7          30    -314.057
           7          31    -309.465
           7          32    -304.052
           7          33    -297.789
           7          34    -290.646
           7          35    -282.583
           7          36    -273.559
           7          37    -263.523
           7          38    -252.418
           7          39     -240.18
           7          40    -226.733
           7          41    -211.994
           7          42    -195.865
           7          43    -178.236
           7          44    -158.981
           7          45    -137.958
           7          46    -115.005
           7          47    -89.9415
           7          48    -62.5671
           7          49    -32.6639
           8           0    -34.9036
           8           1    -67.0204
           8           2    -96.5581
           8           3    -123.715
           8           4    -148.674
           8           5    -171.608
           8           6    -192.668
           8           7    -211.994
           8           8     -229.71
           8           9    -245.925
           8          10    -260.739
           8          11    -274.237
           8          12    -286.498
           8          13    -297.587
           8          14    -307.566
           8          15    -316.486
           8          16    -324.394
           8          17    -331.329
           8          18    -337.326
           8          19    -342.414
           8          20    -346.618
           8          21    -349.957
           8          22    -352.448
           8          23    -354.103
           8          24    -354.928
           8          25    -354.928
           8          26    -354.103
           8          27    -352.448
           8          28    -349.957
           8          29    -346.618
           8          30    -342.414
           8          31    -337.326
           8          32    -331.329
           8          33    -324.394
           8          34    -316.486
           8          35    -307.566
           8          36    -297.587
           8          37    -286.498
           8          38    -274.237
           8          39    -260.739
           8          40    -245.925
           8          41     -229.71
           8          42    -211.994
           8          43    -192.668
           8          44    -171.608
           8          45    -148.674
           8          46    -123.715
           8          47    -96.5581
           8          48    -67.0204
           8          49    -34.9036
           9           0    -36.9302
           9           1    -71.0527
           9           2    -102.556
           9           3    -131.621
           9           4    -158.418
           9           5    -183.107
           9           6    -205.834
           9           7    -226.733
           9           8    -245.925
           9           9    -263.519
           9          10    -279.613
           9          11    -294.295
           9          12    -307.643
           9          13    -319.726
           9          14    -330.606
           9          15    -340.338
           9          16     -348.97
           9          17    -356.544
           9          18    -363.095
           9          19    -368.656
           9          20    -373.251
           9          21    -376.902
           9          22    -379.625
           9          23    -381.434
           9          24    -382.337
           9          25    -382.337
           9          26    -381.434
           9          27    -379.625
           9          28    -376.902
           9          29    -373.251
           9          30    -368.656
           9          31    -363.095
           9          32    -356.544
           9          33     -348.97
           9          34    -340.338
           9          35    -330.606
           9          36    -319.726
           9          37    -307.643
           9          38    -294.295
           9          39    -279.613
           9          40    -263.519
           9          41    -245.925
           9          42    -226.733
           9          43    -205.834
           9          44    -183.107
           9          45    -158.418
           9          46    -131.621
           9          47    -102.556
           9          48    -71.0527
           9          49    -36.9302
          10           0    -38.7645
          10           1    -74.7044
          10           2    -107.992
          10           3    -138.794
          10           4     -167.27
          10           5    -193.568
          10           6    -217.829
          10           7     -240.18
          10           8    -260.739
          10           9    -279.613
          10          10      -296.9
          10          11    -312.687
          10          12    -327.052
          10          13    -340.067
          10          14    -351.795
          10          15    -362.291
          10          16    -371.606
          10          17    -379.781
          10          18    -386.856
          10          19    -392.863
          10          20    -397.827
          10          21    -401.773
          10          22    -404.717
          10          23    -406.672
          10          24    -407.648
          10          25    -407.648
          10          26    -406.672
          10          27    -404.717
          10          28    -401.773
          10          29    -397.827
          10          30    -392.863
          10          31    -386.856
          10          32    -379.781
          10          33    -371.606
          10          34    -362.291
          10          35    -351.795
          10          36    -340.067
          10          37    -327.052
          10          38    -312.687
          10          39      -296.9
          10          40    -279.613
          10          41    -260.739
          10          42     -240.18
          10          43    -217.829
          10          44    -193.568
          10          45     -167.27
          10          46    -138.794
          10          47    -107.992
          10          48    -74.7044
          10          49    -38.7645
          11           0    -40.4234
          11           1    -78.0082
          11           2    -112.914
          11           3    -145.294
          11           4    -175.299
          11           5    -203.067
          11           6    -228.733
          11           7    -252.418
          11           8    -274.237
          11           9    -294.295
          11          10    -312.687
          11          11      -329.5
          11          12    -344.812
          11          13    -358.696
          11          14    -371.215
          11          15    -382.426
          11          16    -392.379
          11          17     -401.12
          11          18    -408.686
          11          19    -415.111
          11          20    -420.423
          11          21    -424.646
          11          22    -427.797
          11          23     -429.89
          11          24    -430.934
          11          25    -430.934
          11          26     -429.89
          11          27    -427.797
          11          28    -424.646
          11          29    -420.423
          11          30    -415.111
          11          31    -408.686
          11          32     -401.12
          11          33    -392.379
          11          34    -382.426
          11          35    -371.215
          11          36    -358.696
          11          37    -344.812
          11          38      -329.5
          11          39    -312.687
          11          40    -294.295
          11          41    -274.237
          11          42    -252.418
          11          43    -228.733
          11          44    -203.067
          11          45    -175.299
          11          46    -145.294
          11          47    -112.914
          11          48    -78.0082
          11          49    -40.4234
          12           0    -41.9209
          12           1    -80.9916
          12           2     -117.36
          12           3    -151.171
          12           4    -182.563
          12           5     -211.67
          12           6    -238.617
          12           7    -263.523
          12           8    -286.498
          12           9    -307.643
          12          10    -327.052
          12          11    -344.812
          12          12    -361.001
          12          13     -375.69
          12          14    -388.943
          12          15    -400.818
          12          16    -411.366
          12          17    -420.632
          12          18    -428.656
          12          19    -435.472
          12          20    -441.109
          12          21     -445.59
          12          22    -448.935
          12          23    -451.157
          12          24    -452.266
          12          25    -452.266
          12          26    -451.157
          12          27    -448.935
          12          28     -445.59
          12          29    -441.109
          12          30    -435.472
          12          31    -428.656
          12          32    -420.632
          12          33    -411.366
          12          34    -400.818
          12          35    -388.943
          12          36     -375.69
          12          37    -361.001
          12          38    -344.812
          12          39    -327.052
          12          40    -307.643
          12          41    -286.498
          12          42    -263.523
          12          43    -238.617
          12          44     -211.67
          12          45    -182.563
          12          46    -151.171
          12          47     -117.36
          12          48    -80.9916
          12          49    -41.9209
          13           0    -43.2685
          13           1     -83.677
          13           2    -121.364
          13           3    -156.466
          13           4    -189.113
          13           5    -219.432
          13           6    -247.543
          13           7    -273.559
          13           8    -297.587
          13           9    -319.726
          13          10    -340.067
          13          11    -358.696
          13          12     -375.69
          13          13     -391.12
          13          14     -405.05
          13          15    -417.537
          13          16    -428.634
          13          17    -438.387
          13          18    -446.835
          13          19    -454.013
          13          20     -459.95
          13          21    -464.671
          13          22    -468.195
          13          23    -470.537
          13          24    -471.705
          13          25    -471.705
          13          26    -470.537
          13          27    -468.195
          13          28    -464.671
          13          29     -459.95
          13          30    -454.013
          13          31    -446.835
          13          32    -438.387
          13          33    -428.634
          13          34    -417.537
          13          35     -405.05
          13          36     -391.12
          13          37     -375.69
          13          38    -358.696
          13          39    -340.067
          13          40    -319.726
          13          41    -297.587
          13          42    -273.559
          13          43    -247.543
          13          44    -219.432
          13          45    -189.113
          13          46    -156.466
          13          47    -121.364
          13          48     -83.677
          13          49    -43.2685
          14           0     -44.476
          14           1    -86.0839
          14           2    -124.954
          14           3    -161.215
          14           4    -194.991
          14           5    -226.402
          14           6    -255.563
          14           7    -282.583
          14           8    -307.566
          14           9    -330.606
          14          10    -351.795
          14          11    -371.215
          14          12    -388.943
          14          13     -405.05
          14          14    -419.598
          14          15    -432.647
          14          16    -444.248
          14          17    -454.446
          14          18    -463.283
          14          19    -470.794
          14          20    -477.007
          14          21    -481.949
          14          22    -485.639
          14          23     -488.09
          14          24    -489.313
          14          25    -489.313
          14          26     -488.09
          14          27    -485.639
          14          28    -481.949
          14          29    -477.007
          14          30    -470.794
          14          31    -463.283
          14          32    -454.446
          14          33    -444.248
          14          34    -432.647
          14          35    -419.598
          14          36     -405.05
          14          37    -388.943
          14          38    -371.215
          14          39    -351.795
          14          40    -330.606
          14          41    -307.566
          14          42    -282.583
          14          43    -255.563
          14          44    -226.402
          14          45    -194.991
          14          46    -161.215
          14          47    -124.954
          14          48    -86.0839
          14          49     -44.476
          15           0    -45.5517
          15           1    -88.2283
          15           2    -128.154
          15           3    -165.449
          15           4    -200.234
          15           5    -232.622
          15           6    -262.724
          15           7    -290.646
          15           8    -316.486
          15           9    -340.338
          15          10    -362.291
          15          11    -382.426
          15          12    -400.818
          15          13    -417.537
          15          14    -432.647
          15          15    -446.205
          15          16    -458.263
          15          17    -468.867
          15          18    -478.058
          15          19    -485.871
          15          20    -492.337
          15          21     -497.48
          15          22     -501.32
          15          23    -503.871
          15          24    -505.145
          15          25    -505.145
          15          26    -503.871
          15          27     -501.32
          15          28     -497.48
          15          29    -492.337
          15          30    -485.871
          15          31    -478.058
          15          32    -468.867
          15          33    -458.263
          15          34    -446.205
          15          35    -432.647
          15          36    -417.537
          15          37    -400.818
          15          38    -382.426
          15          39    -362.291
          15          40    -340.338
          15          41    -316.486
          15          42    -290.646
          15          43    -262.724
          15          44    -232.622
          15          45    -200.234
          15          46    -165.449
          15          47    -128.154
          15          48    -88.2283
          15          49    -45.5517
          16           0    -46.5026
          16           1    -90.1241
          16           2    -130.983
          16           3    -169.194
          16           4    -204.873
          16           5    -238.128
          16           6    -269.066
          16           7    -297.789
          16           8    -324.394
          16           9     -348.97
          16          10    -371.606
          16          11    -392.379
          16          12    -411.366
          16          13    -428.634
          16          14    -444.248
          16          15    -458.263
          16          16    -470.732
          16          17    -481.701
          16          18     -491.21
          16          19    -499.296
          16          20    -505.989
          16          21    -511.313
          16          22    -515.289
          16          23    -517.931
          16          24     -519.25
          16          25     -519.25
          16          26    -517.931
          16          27    -515.289
          16          28    -511.313
          16          29    -505.989
          16          30    -499.296
          16          31     -491.21
          16          32    -481.701
          16          33    -470.732
          16          34    -458.263
          16          35    -444.248
          16          36    -428.634
          16          37    -411.366
          16          38    -392.379
          16          39    -371.606
          16          40     -348.97
          16          41    -324.394
          16          42    -297.789
          16          43    -269.066
          16          44    -238.128
          16          45    -204.873
          16          46    -169.194
          16          47    -130.983
          16          48    -90.1241
          16          49    -46.5026
          17           0    -47.3345
          17           1     -91.783
          17           2    -133.459
          17           3    -172.473
          17           4    -208.935
          17           5    -242.951
          17           6    -274.624
          17           7    -304.052
          17           8    -331.329
          17           9    -356.544
          17          10    -379.781
          17          11     -401.12
          17          12    -420.632
          17          13    -438.387
          17          14    -454.446
          17          15    -468.867
          17          16    -481.701
          17          17    -492.994
          17          18    -502.787
          17          19    -511.115
          17          20     -518.01
          17          21    -523.495
          17          22    -527.592
          17          23    -530.314
          17          24    -531.673
          17          25    -531.673
          17          26    -530.314
          17          27    -527.592
          17          28    -523.495
          17          29     -518.01
          17          30    -511.115
          17          31    -502.787
          17          32    -492.994
          17          33    -481.701
          17          34    -468.867
          17          35    -454.446
          17          36    -438.387
          17          37    -420.632
          17          38     -401.12
          17          39    -379.781
          17          40    -356.544
          17          41    -331.329
          17          42    -304.052
          17          43    -274.624
          17          44    -242.951
          17          45    -208.935
          17          46    -172.473
          17          47    -133.459
          17          48     -91.783
          17          49    -47.3345
          18           0    -48.0524
          18           1    -93.2147
          18           2    -135.596
          18           3    -175.303
          18           4    -212.443
          18           5    -247.117
          18           6    -279.426
          18           7    -309.465
          18           8    -337.326
          18           9    -363.095
          18          10    -386.856
          18          11    -408.686
          18          12    -428.656
          18          13    -446.835
          18          14    -463.283
          18          15    -478.058
          18          16     -491.21
          18          17    -502.787
          18          18    -512.827
          18          19    -521.368
          18          20    -528.439
          18          21    -534.066
          18          22    -538.268
          18          23    -541.062
          18          24    -542.456
          18          25    -542.456
          18          26    -541.062
          18          27    -538.268
          18          28    -534.066
          18          29    -528.439
          18          30    -521.368
          18          31    -512.827
          18          32    -502.787
          18          33     -491.21
          18          34    -478.058
          18          35    -463.283
          18          36    -446.835
          18          37    -428.656
          18          38    -408.686
          18          39    -386.856
          18          40    -363.095
          18          41    -337.326
          18          42    -309.465
          18          43    -279.426
          18          44    -247.117
          18          45    -212.443
          18          46    -175.303
          18          47    -135.596
          18          48    -93.2147
          18          49    -48.0524
          19           0    -48.6606
          19           1    -94.4275
          19           2    -137.406
          19           3    -177.702
          19           4    -215.416
          19           5    -250.649
          19           6    -283.498
          19           7    -314.057
          19           8    -342.414
          19           9    -368.656
          19          10    -392.863
          19          11    -415.111
          19          12    -435.472
          19          13    -454.013
          19          14    -470.794
          19          15    -485.871
          19          16    -499.296
          19          17    -511.115
          19          18    -521.368
          19          19    -530.091
          19          20    -537.313
          19          21    -543.061
          19          22    -547.354
          19          23    -550.208
          19          24    -551.632
          19          25    -551.632
          19          26    -550.208
          19          27    -547.354
          19          28    -543.061
          19          29    -537.313
          19          30    -530.091
          19          31    -521.368
          19          32    -511.115
          19          33    -499.296
          19          34    -485.871
          19          35    -470.794
          19          36    -454.013
          19          37    -435.472
          19          38    -415.111
          19          39    -392.863
          19          40    -368.656
          19          41    -342.414
          19          42    -314.057
          19          43    -283.498
          19          44    -250.649
          19          45    -215.416
          19          46    -177.702
          19          47    -137.406
          19          48    -94.4275
          19          49    -48.6606
          20           0    -49.1624
          20           1    -95.4283
          20           2    -138.901
          20           3    -179.682
          20           4    -217.871
          20           5    -253.566
          20           6    -286.861
          20           7    -317.849
          20           8    -346.618
          20           9    -373.251
          20          10    -397.827
          20          11    -420.423
          20          12    -441.109
          20          13     -459.95
          20          14    -477.007
          20          15    -492.337
          20          16    -505.989
          20          17     -518.01
          20          18    -528.439
          20          19    -537.313
          20          20    -544.662
          20          21     -550.51
          20          22    -554.879
          20          23    -557.783
          20          24    -559.233
          20          25    -559.233
          20          26    -557.783
          20          27    -554.879
          20          28     -550.51
          20          29    -544.662
          20          30    -537.313
          20          31    -528.439
          20          32     -518.01
          20          33    -505.989
          20          34    -492.337
          20          35    -477.007
          20          36     -459.95
          20          37    -441.109
          20          38    -420.423
          20          39    -397.827
          20          40    -373.251
          20          41    -346.618
          20          42    -317.849
          20          43    -286.861
          20          44    -253.566
          20          45    -217.871
          20          46    -179.682
          20          47    -138.901
          20          48    -95.4283
          20          49    -49.1624
          21           0    -49.5606
          21           1    -96.2226
          21           2    -140.087
          21           3    -181.253
          21           4    -219.819
          21           5    -255.881
          21           6    -289.532
          21           7    -320.862
          21           8    -349.957
          21           9    -376.902
          21          10    -401.773
          21          11    -424.646
          21          12     -445.59
          21          13    -464.671
          21          14    -481.949
          21          15     -497.48
          21          16    -511.313
          21          17    -523.495
          21          18    -534.066
          21          19    -543.061
          21          20     -550.51
          21          21     -556.44
          21          22    -560.869
          21          23    -563.814
          21          24    -565.283
          21          25    -565.283
          21          26    -563.814
          21          27    -560.869
          21          28     -556.44
          21          29     -550.51
